[17, 3, 4, 646]
[18, 4, 4, 646]
[18, 6, 4, 646]
[18, 4, 4, 646]
[18, 5, 4, 646]
[18, 7, 5, 647]
[18, 5, 6, 647]
[19, 6, 5, 647]
[18, 4, 5, 646]
[18, 6, 5, 647]
[18, 4, 5, 646]
[20, 6, 6, 647]
[16, 6, 8, 647]
[13, 5, 8, 646]
[13, 6, 6, 646]
[13, 8, 5, 646]
[14, 8, 6, 647]
[13, 5, 5, 646]
[11, 4, 5, 645]
[14, 5, 7, 646]
[19, 5, 7, 647]
[19, 5, 6, 646]
[20, 4, 5, 646]
[17, 6, 7, 647]
[13, 5, 7, 646]
[14, 5, 7, 646]
[14, 5, 7, 646]
[14, 6, 8, 647]
[13, 5, 7, 646]
[16, 5, 5, 646]
[17, 4, 4, 646]
[18, 7, 7, 647]
[16, 6, 7, 647]
[11, 6, 8, 646]
[13, 7, 8, 647]
[8, 3, 6, 644]
[10, 5, 5, 645]
[13, 10, 5, 647]
[15, 13, 3, 647]
[16, 14, 3, 646]
[15, 14, 4, 646]
[20, 18, 5, 648]
[16, 13, 4, 647]
[14, 12, 3, 646]
[14, 11, 3, 646]
[13, 12, 4, 646]
[14, 11, 3, 646]
[13, 11, 3, 646]
[15, 12, 2, 646]
[13, 7, 5, 646]
[19, 3, 5, 644]
[20, 3, 4, 644]
[20, 6, 6, 645]
[19, 4, 4, 644]
[18, 4, 6, 644]
[20, 5, 6, 645]
[18, 4, 6, 644]
[17, 2, 5, 643]
[19, 4, 4, 644]
[17, 3, 5, 643]
[19, 3, 4, 644]
[18, 2, 4, 643]
[18, 4, 5, 644]
[20, 6, 7, 645]
[17, 6, 7, 645]
[14, 3, 6, 643]
[14, 2, 6, 643]
[16, 4, 5, 644]
[16, 4, 8, 644]
[20, 5, 6, 645]
[19, 4, 6, 644]
[18, 2, 4, 643]
[19, 5, 8, 645]
[14, 4, 9, 644]
[15, 5, 8, 645]
[12, 6, 7, 644]
[13, 5, 8, 645]
[11, 3, 7, 643]
[12, 2, 6, 643]
[12, 5, 5, 643]
[14, 8, 4, 644]
[15, 9, 3, 644]
[15, 9, 5, 644]
[17, 10, 2, 644]
[17, 11, 5, 645]
[17, 11, 4, 644]
[21, 13, 6, 646]
[19, 12, 5, 645]
[20, 11, 4, 645]
[18, 11, 4, 644]
[18, 9, 3, 644]
[17, 10, 2, 642]
[18, 9, 2, 643]
[17, 10, 4, 644]
[19, 11, 3, 644]
[18, 10, 3, 644]
[16, 10, 3, 643]
[17, 9, 3, 644]
[18, 9, 3, 644]
[13, 15, 4, 645]
[12, 15, 4, 644]
[11, 15, 3, 644]
[12, 16, 4, 645]
[13, 15, 3, 645]
[13, 14, 3, 644]
[13, 15, 3, 645]
[11, 15, 3, 644]
[12, 14, 2, 644]
[11, 15, 3, 644]
[13, 17, 3, 645]
[11, 14, 3, 644]
[11, 14, 4, 644]
[13, 16, 4, 645]
[14, 17, 4, 645]
[14, 17, 4, 646]
[0, 16, 3, 645]
[11, 14, 4, 644]
[11, 14, 3, 644]
[11, 16, 4, 645]
[13, 17, 4, 645]
[0, 14, 3, 644]
[13, 17, 4, 645]
[13, 16, 3, 645]
[13, 17, 4, 645]
[12, 16, 4, 645]
[11, 14, 3, 644]
[11, 15, 3, 644]
[11, 15, 2, 644]
[12, 16, 5, 645]
[10, 16, 5, 645]
[11, 15, 4, 644]
[13, 16, 3, 645]
[13, 15, 3, 645]
[11, 13, 2, 644]
[12, 15, 4, 645]
[13, 15, 4, 645]
[12, 17, 4, 645]
[12, 16, 4, 645]
[11, 16, 4, 644]
[11, 14, 3, 644]
[14, 15, 3, 645]
[12, 14, 3, 645]
[11, 14, 2, 644]
[11, 16, 4, 645]
[12, 16, 5, 645]
[12, 14, 3, 644]
[12, 16, 4, 645]
[10, 15, 4, 644]
[11, 14, 2, 644]
[15, 17, 7, 646]
[12, 14, 3, 644]
[10, 13, 3, 643]
[11, 20, 5, 648]
[11, 19, 3, 647]
[12, 20, 4, 648]
[9, 17, 3, 646]
[11, 19, 3, 647]
[10, 18, 4, 647]
[11, 18, 2, 646]
[10, 19, 4, 647]
[11, 20, 3, 647]
[12, 20, 4, 648]
[12, 20, 3, 647]
[11, 20, 2, 647]
[12, 21, 4, 648]
[11, 19, 4, 647]
[12, 21, 3, 647]
[11, 22, 3, 647]
[11, 22, 4, 647]
[13, 23, 4, 648]
[13, 23, 4, 648]
[12, 22, 4, 647]
[11, 20, 3, 647]
[12, 21, 4, 647]
[11, 19, 2, 646]
[12, 21, 3, 647]
[11, 21, 4, 647]
[11, 20, 3, 647]
[11, 20, 2, 647]
[11, 21, 5, 647]
[12, 20, 3, 647]
[11, 20, 4, 647]
[10, 19, 2, 646]
[13, 21, 4, 648]
[12, 19, 3, 647]
[12, 22, 5, 648]
[9, 18, 3, 646]
[12, 21, 3, 648]
[10, 20, 4, 647]
[10, 20, 4, 647]
[11, 20, 3, 647]
[12, 21, 4, 648]
[11, 18, 2, 646]
[12, 21, 5, 648]
[10, 19, 4, 647]
[9, 18, 3, 646]
[11, 21, 3, 647]
[11, 20, 3, 647]
[14, 21, 5, 648]
[0, 19, 3, 647]
[11, 19, 4, 647]
[13, 21, 4, 648]
[12, 22, 4, 648]
[12, 20, 3, 647]
[4, 6, 10, 646]
[5, 7, 12, 647]
[4, 5, 10, 646]
[4, 8, 11, 647]
[2, 4, 11, 645]
[4, 5, 11, 646]
[4, 6, 10, 646]
[2, 4, 10, 645]
[5, 8, 13, 647]
[5, 8, 13, 647]
[4, 7, 13, 647]
[3, 6, 12, 646]
[4, 7, 12, 646]
[3, 5, 12, 646]
[2, 5, 12, 645]
[2, 6, 13, 645]
[2, 6, 13, 645]
[6, 8, 12, 647]
[3, 7, 12, 646]
[5, 6, 12, 647]
[1, 4, 10, 645]
[3, 6, 10, 646]
[5, 8, 13, 647]
[4, 6, 10, 646]
[4, 8, 13, 647]
[2, 6, 11, 646]
[3, 6, 12, 646]
[3, 5, 11, 646]
[5, 7, 13, 647]
[2, 6, 12, 646]
[2, 4, 10, 645]
[3, 6, 11, 646]
[5, 8, 12, 647]
[1, 4, 11, 645]
[1, 4, 8, 644]
[3, 6, 10, 646]
[5, 7, 11, 647]
[1, 6, 10, 645]
[2, 5, 10, 645]
[5, 8, 12, 647]
[2, 6, 11, 645]
[4, 5, 11, 646]
[4, 8, 12, 647]
[4, 6, 11, 646]
[3, 5, 11, 646]
[2, 4, 10, 645]
[4, 5, 11, 644]
[4, 6, 12, 644]
[2, 4, 10, 643]
[5, 6, 10, 644]
[5, 7, 11, 644]
[5, 7, 12, 645]
[2, 4, 11, 643]
[4, 4, 9, 643]
[5, 5, 10, 644]
[3, 3, 10, 643]
[4, 6, 11, 644]
[0, 4, 11, 644]
[5, 3, 10, 643]
[3, 3, 10, 643]
[4, 4, 12, 644]
[4, 4, 10, 643]
[4, 4, 8, 643]
[4, 5, 11, 644]
[4, 3, 10, 643]
[4, 5, 11, 644]
[5, 6, 11, 644]
[5, 5, 10, 644]
[2, 3, 9, 642]
[4, 6, 12, 644]
[4, 5, 11, 644]
[4, 3, 10, 643]
[4, 6, 11, 644]
[4, 3, 9, 643]
[3, 4, 10, 643]
[4, 5, 12, 644]
[3, 4, 11, 643]
[4, 4, 10, 643]
[4, 3, 10, 643]
[5, 6, 11, 645]
[0, 6, 9, 643]
[4, 5, 11, 644]
[7, 6, 11, 645]
[4, 4, 9, 643]
[4, 3, 9, 643]
[3, 3, 11, 643]