[29, 106, 38, 653]
[28, 105, 38, 652]
[26, 104, 35, 651]
[28, 105, 36, 652]
[27, 106, 37, 652]
[26, 104, 35, 651]
[28, 106, 38, 653]
[29, 107, 38, 653]
[27, 104, 37, 652]
[29, 106, 37, 653]
[26, 104, 35, 651]
[29, 107, 37, 652]
[24, 99, 34, 650]
[26, 98, 34, 651]
[26, 101, 35, 651]
[27, 106, 36, 652]
[28, 106, 38, 653]
[29, 106, 37, 653]
[26, 104, 36, 652]
[29, 107, 37, 653]
[27, 103, 35, 652]
[26, 104, 33, 651]
[28, 104, 36, 652]
[27, 104, 38, 652]
[25, 103, 36, 651]
[26, 100, 34, 651]
[25, 101, 35, 651]
[28, 102, 34, 652]
[26, 103, 34, 651]
[25, 104, 35, 651]
[27, 103, 35, 651]
[25, 101, 35, 651]
[26, 103, 37, 652]
[28, 105, 37, 652]
[28, 105, 38, 652]
[26, 105, 36, 651]
[27, 95, 34, 652]
[27, 105, 36, 652]
[28, 105, 36, 652]
[26, 104, 35, 651]
[26, 105, 37, 652]
[27, 105, 37, 652]
[26, 105, 36, 651]
[26, 104, 36, 651]
[23, 126, 37, 656]
[22, 123, 35, 655]
[21, 121, 34, 654]
[22, 122, 35, 655]
[20, 121, 34, 654]
[22, 124, 36, 655]
[20, 121, 35, 654]
[21, 122, 36, 655]
[21, 122, 37, 655]
[21, 121, 37, 655]
[21, 122, 36, 655]
[21, 122, 34, 655]
[22, 121, 35, 655]
[20, 121, 36, 655]
[20, 119, 33, 653]
[21, 121, 35, 655]
[22, 119, 35, 655]
[22, 120, 35, 655]
[20, 118, 35, 654]
[21, 121, 35, 655]
[20, 120, 35, 654]
[21, 119, 33, 654]
[19, 119, 34, 654]
[21, 118, 34, 654]
[24, 114, 34, 655]
[23, 104, 32, 653]
[24, 111, 34, 655]
[20, 119, 35, 655]
[20, 117, 33, 653]
[20, 114, 36, 654]
[20, 108, 36, 654]
[19, 105, 36, 654]
[21, 119, 34, 654]
[19, 120, 35, 654]
[21, 120, 36, 655]
[22, 121, 35, 655]
[22, 123, 36, 655]
[22, 123, 36, 656]
[19, 120, 35, 654]
[20, 121, 36, 655]
[22, 122, 36, 656]
[20, 120, 36, 655]
[21, 121, 35, 655]
[23, 122, 36, 656]
[265, 75, 53, 667]
[263, 75, 54, 667]
[262, 75, 53, 666]
[251, 74, 52, 666]
[225, 69, 48, 665]
[230, 68, 48, 664]
[244, 73, 50, 666]
[258, 76, 52, 667]
[263, 76, 53, 667]
[266, 76, 52, 667]
[268, 78, 53, 668]
[266, 76, 53, 667]
[263, 77, 52, 668]
[259, 72, 51, 666]
[258, 72, 50, 666]
[250, 71, 51, 666]
[256, 72, 51, 666]
[257, 71, 50, 666]
[263, 73, 53, 667]
[266, 75, 54, 668]
[240, 66, 52, 665]
[220, 61, 50, 663]
[262, 72, 53, 666]
[271, 77, 53, 668]
[270, 75, 53, 666]
[271, 76, 54, 667]
[270, 76, 53, 667]
[268, 78, 54, 668]
[265, 78, 53, 668]
[239, 72, 50, 665]
[227, 69, 47, 664]
[217, 65, 43, 662]
[256, 74, 52, 666]
[267, 76, 52, 667]
[273, 77, 55, 668]
[273, 78, 55, 669]
[268, 75, 52, 667]
[270, 78, 54, 669]
[267, 76, 52, 667]
[269, 76, 53, 667]
[267, 76, 52, 667]
[266, 78, 53, 668]
[265, 78, 54, 668]
[265, 76, 53, 667]
[259, 77, 53, 667]
[272, 78, 54, 668]
[272, 78, 55, 668]
[272, 78, 55, 668]
[272, 78, 54, 668]
[274, 77, 55, 668]
[274, 77, 54, 668]
[295, 61, 48, 666]
[294, 61, 48, 665]
[294, 61, 47, 665]
[293, 62, 48, 666]
[292, 61, 47, 665]
[299, 63, 49, 666]
[294, 62, 48, 666]
[291, 60, 48, 665]
[215, 51, 37, 660]
[251, 56, 43, 662]
[281, 62, 48, 665]
[300, 63, 51, 667]
[299, 63, 50, 667]
[287, 57, 46, 664]
[262, 53, 46, 663]
[241, 50, 45, 662]
[216, 46, 42, 661]
[198, 43, 41, 659]
[280, 56, 47, 664]
[291, 61, 48, 665]
[300, 63, 48, 666]
[294, 63, 48, 666]
[291, 62, 47, 666]
[291, 60, 47, 665]
[293, 61, 47, 665]
[291, 60, 48, 665]
[291, 61, 48, 665]
[291, 60, 48, 665]
[292, 61, 47, 665]
[59, 48, 75, 654]
[60, 48, 76, 655]
[60, 48, 76, 655]
[61, 48, 76, 655]
[61, 48, 75, 654]
[62, 50, 76, 656]
[59, 48, 71, 655]
[58, 48, 71, 655]
[59, 49, 74, 655]
[58, 47, 72, 654]
[59, 46, 73, 655]
[59, 46, 72, 655]
[62, 48, 76, 655]
[58, 47, 76, 655]
[62, 51, 77, 656]
[64, 50, 77, 656]
[59, 48, 75, 654]
[60, 49, 77, 655]
[61, 48, 74, 655]
[61, 49, 76, 655]
[61, 48, 77, 655]
[63, 51, 77, 656]
[62, 49, 76, 655]
[54, 42, 74, 654]
[51, 41, 72, 654]
[52, 43, 72, 653]
[53, 41, 75, 654]
[52, 43, 74, 654]
[52, 43, 74, 654]
[55, 43, 74, 655]
[52, 40, 72, 653]
[52, 42, 74, 654]
[53, 42, 74, 654]
[55, 44, 74, 655]
[54, 43, 74, 655]
[75, 42, 74, 654]
[71, 40, 73, 652]
[73, 42, 74, 653]
[74, 41, 73, 653]
[74, 43, 74, 654]
[72, 41, 73, 653]
[71, 40, 72, 652]
[76, 42, 76, 653]
[71, 39, 73, 652]
[71, 39, 72, 652]
[71, 40, 72, 652]
[73, 41, 75, 653]
[72, 40, 74, 652]
[75, 41, 75, 653]
[75, 43, 75, 653]
[75, 44, 75, 653]
[72, 40, 73, 652]
[73, 40, 75, 652]
[72, 41, 74, 653]
[75, 41, 74, 653]
[77, 44, 76, 654]
[75, 42, 75, 653]
[73, 41, 74, 652]
[72, 40, 74, 652]
[74, 42, 75, 653]
[74, 42, 75, 653]
[74, 42, 75, 653]
[72, 40, 72, 652]
[72, 40, 68, 652]
[72, 40, 74, 652]
[75, 42, 74, 653]
[71, 38, 73, 652]
[65, 36, 72, 653]
[57, 31, 68, 652]
[49, 28, 61, 650]
[73, 39, 73, 653]
[72, 41, 75, 652]
[71, 40, 73, 652]
[74, 43, 73, 654]
[72, 40, 73, 652]
[73, 42, 74, 653]
[74, 42, 75, 654]
[72, 41, 73, 653]
[265, 213, 27, 673]
[266, 213, 26, 673]
[268, 217, 27, 675]
[267, 214, 27, 674]
[267, 214, 26, 674]
[268, 215, 24, 674]
[268, 215, 27, 674]
[270, 215, 28, 675]
[266, 214, 26, 673]
[267, 216, 28, 675]
[267, 215, 26, 673]
[268, 215, 27, 674]
[271, 217, 26, 674]
[272, 218, 26, 675]
[273, 219, 25, 674]
[317, 246, 29, 679]
[341, 252, 29, 680]
[318, 247, 29, 679]
[309, 241, 29, 677]
[274, 220, 27, 676]
[271, 217, 26, 674]
[280, 223, 27, 675]
[273, 219, 27, 675]
[272, 217, 27, 675]
[279, 221, 27, 675]
[275, 219, 26, 675]
[270, 217, 27, 674]
[278, 220, 27, 674]
[279, 221, 27, 675]
[279, 221, 26, 675]
[276, 220, 25, 675]
[271, 216, 25, 674]
[278, 221, 26, 676]
[272, 219, 26, 675]
[263, 214, 24, 673]
[217, 182, 23, 671]
[221, 179, 23, 669]
[234, 194, 23, 670]
[242, 200, 25, 672]
[264, 214, 25, 674]
[268, 216, 26, 674]
[267, 214, 26, 674]
[269, 215, 25, 673]
[274, 218, 26, 674]
[271, 217, 25, 674]
[272, 219, 27, 675]
[273, 218, 26, 675]
[271, 216, 27, 674]
[270, 215, 25, 673]
[273, 219, 27, 675]
[271, 216, 25, 673]
[292, 172, 23, 670]
[294, 174, 23, 671]
[293, 174, 23, 671]
[292, 174, 24, 671]
[295, 174, 26, 672]
[291, 173, 23, 670]
[293, 176, 24, 671]
[299, 178, 25, 672]
[293, 175, 24, 671]
[292, 175, 25, 672]
[287, 172, 24, 671]
[280, 169, 23, 670]
[292, 176, 23, 671]
[291, 173, 24, 670]
[283, 171, 23, 670]
[292, 173, 24, 671]
[256, 158, 22, 668]
[282, 170, 23, 670]
[291, 173, 23, 670]
[293, 174, 24, 671]
[289, 173, 24, 671]
[289, 173, 25, 671]
[291, 173, 24, 671]
[290, 172, 22, 670]
[229, 136, 23, 666]
[256, 150, 22, 666]
[290, 173, 25, 671]
[258, 160, 23, 668]
[277, 168, 23, 670]
[293, 174, 24, 671]
[289, 173, 24, 671]
[283, 169, 22, 670]
[280, 169, 23, 669]
[283, 170, 23, 670]
[284, 169, 24, 670]
[284, 170, 25, 670]
[283, 170, 24, 670]
[282, 170, 24, 670]