[23, 126, 37, 656]
[22, 123, 35, 655]
[21, 121, 34, 654]
[22, 122, 35, 655]
[20, 121, 34, 654]
[22, 124, 36, 655]
[20, 121, 35, 654]
[21, 122, 36, 655]
[21, 122, 37, 655]
[21, 121, 37, 655]
[21, 122, 36, 655]
[21, 122, 34, 655]
[22, 121, 35, 655]
[20, 121, 36, 655]
[20, 119, 33, 653]
[21, 121, 35, 655]
[22, 119, 35, 655]
[22, 120, 35, 655]
[20, 118, 35, 654]
[21, 121, 35, 655]
[20, 120, 35, 654]
[21, 119, 33, 654]
[19, 119, 34, 654]
[21, 118, 34, 654]
[24, 114, 34, 655]
[23, 104, 32, 653]
[24, 111, 34, 655]
[20, 119, 35, 655]
[20, 117, 33, 653]
[20, 114, 36, 654]
[20, 108, 36, 654]
[19, 105, 36, 654]
[21, 119, 34, 654]
[19, 120, 35, 654]
[21, 120, 36, 655]
[22, 121, 35, 655]
[22, 123, 36, 655]
[22, 123, 36, 656]
[19, 120, 35, 654]
[20, 121, 36, 655]
[22, 122, 36, 656]
[20, 120, 36, 655]
[21, 121, 35, 655]
[23, 122, 36, 656]
[29, 106, 38, 653]
[28, 105, 38, 652]
[26, 104, 35, 651]
[28, 105, 36, 652]
[27, 106, 37, 652]
[26, 104, 35, 651]
[28, 106, 38, 653]
[29, 107, 38, 653]
[27, 104, 37, 652]
[29, 106, 37, 653]
[26, 104, 35, 651]
[29, 107, 37, 652]
[24, 99, 34, 650]
[26, 98, 34, 651]
[26, 101, 35, 651]
[27, 106, 36, 652]
[28, 106, 38, 653]
[29, 106, 37, 653]
[26, 104, 36, 652]
[29, 107, 37, 653]
[27, 103, 35, 652]
[26, 104, 33, 651]
[28, 104, 36, 652]
[27, 104, 38, 652]
[25, 103, 36, 651]
[26, 100, 34, 651]
[25, 101, 35, 651]
[28, 102, 34, 652]
[26, 103, 34, 651]
[25, 104, 35, 651]
[27, 103, 35, 651]
[25, 101, 35, 651]
[26, 103, 37, 652]
[28, 105, 37, 652]
[28, 105, 38, 652]
[26, 105, 36, 651]
[27, 95, 34, 652]
[27, 105, 36, 652]
[28, 105, 36, 652]
[26, 104, 35, 651]
[26, 105, 37, 652]
[27, 105, 37, 652]
[26, 105, 36, 651]
[26, 104, 36, 651]