[13, 15, 4, 645]
[12, 15, 4, 644]
[11, 15, 3, 644]
[12, 16, 4, 645]
[13, 15, 3, 645]
[13, 14, 3, 644]
[13, 15, 3, 645]
[11, 15, 3, 644]
[12, 14, 2, 644]
[11, 15, 3, 644]
[13, 17, 3, 645]
[11, 14, 3, 644]
[11, 14, 4, 644]
[13, 16, 4, 645]
[14, 17, 4, 645]
[14, 17, 4, 646]
[0, 16, 3, 645]
[11, 14, 4, 644]
[11, 14, 3, 644]
[11, 16, 4, 645]
[13, 17, 4, 645]
[0, 14, 3, 644]
[13, 17, 4, 645]
[13, 16, 3, 645]
[13, 17, 4, 645]
[12, 16, 4, 645]
[11, 14, 3, 644]
[11, 15, 3, 644]
[11, 15, 2, 644]
[12, 16, 5, 645]
[10, 16, 5, 645]
[11, 15, 4, 644]
[13, 16, 3, 645]
[13, 15, 3, 645]
[11, 13, 2, 644]
[12, 15, 4, 645]
[13, 15, 4, 645]
[12, 17, 4, 645]
[12, 16, 4, 645]
[11, 16, 4, 644]
[11, 14, 3, 644]
[14, 15, 3, 645]
[12, 14, 3, 645]
[11, 14, 2, 644]
[11, 16, 4, 645]
[12, 16, 5, 645]
[12, 14, 3, 644]
[12, 16, 4, 645]
[10, 15, 4, 644]
[11, 14, 2, 644]
[15, 17, 7, 646]
[12, 14, 3, 644]
[10, 13, 3, 643]
[11, 20, 5, 648]
[11, 19, 3, 647]
[12, 20, 4, 648]
[9, 17, 3, 646]
[11, 19, 3, 647]
[10, 18, 4, 647]
[11, 18, 2, 646]
[10, 19, 4, 647]
[11, 20, 3, 647]
[12, 20, 4, 648]
[12, 20, 3, 647]
[11, 20, 2, 647]
[12, 21, 4, 648]
[11, 19, 4, 647]
[12, 21, 3, 647]
[11, 22, 3, 647]
[11, 22, 4, 647]
[13, 23, 4, 648]
[13, 23, 4, 648]
[12, 22, 4, 647]
[11, 20, 3, 647]
[12, 21, 4, 647]
[11, 19, 2, 646]
[12, 21, 3, 647]
[11, 21, 4, 647]
[11, 20, 3, 647]
[11, 20, 2, 647]
[11, 21, 5, 647]
[12, 20, 3, 647]
[11, 20, 4, 647]
[10, 19, 2, 646]
[13, 21, 4, 648]
[12, 19, 3, 647]
[12, 22, 5, 648]
[9, 18, 3, 646]
[12, 21, 3, 648]
[10, 20, 4, 647]
[10, 20, 4, 647]
[11, 20, 3, 647]
[12, 21, 4, 648]
[11, 18, 2, 646]
[12, 21, 5, 648]
[10, 19, 4, 647]
[9, 18, 3, 646]
[11, 21, 3, 647]
[11, 20, 3, 647]
[14, 21, 5, 648]
[0, 19, 3, 647]
[11, 19, 4, 647]
[13, 21, 4, 648]
[12, 22, 4, 648]
[12, 20, 3, 647]