[19, 3, 5, 644]
[20, 3, 4, 644]
[20, 6, 6, 645]
[19, 4, 4, 644]
[18, 4, 6, 644]
[20, 5, 6, 645]
[18, 4, 6, 644]
[17, 2, 5, 643]
[19, 4, 4, 644]
[17, 3, 5, 643]
[19, 3, 4, 644]
[18, 2, 4, 643]
[18, 4, 5, 644]
[20, 6, 7, 645]
[17, 6, 7, 645]
[14, 3, 6, 643]
[14, 2, 6, 643]
[16, 4, 5, 644]
[16, 4, 8, 644]
[20, 5, 6, 645]
[19, 4, 6, 644]
[18, 2, 4, 643]
[19, 5, 8, 645]
[14, 4, 9, 644]
[15, 5, 8, 645]
[12, 6, 7, 644]
[13, 5, 8, 645]
[11, 3, 7, 643]
[12, 2, 6, 643]
[12, 5, 5, 643]
[14, 8, 4, 644]
[15, 9, 3, 644]
[15, 9, 5, 644]
[17, 10, 2, 644]
[17, 11, 5, 645]
[17, 11, 4, 644]
[21, 13, 6, 646]
[19, 12, 5, 645]
[20, 11, 4, 645]
[18, 11, 4, 644]
[18, 9, 3, 644]
[17, 10, 2, 642]
[18, 9, 2, 643]
[17, 10, 4, 644]
[19, 11, 3, 644]
[18, 10, 3, 644]
[16, 10, 3, 643]
[17, 9, 3, 644]
[18, 9, 3, 644]
[17, 3, 4, 646]
[18, 4, 4, 646]
[18, 6, 4, 646]
[18, 4, 4, 646]
[18, 5, 4, 646]
[18, 7, 5, 647]
[18, 5, 6, 647]
[19, 6, 5, 647]
[18, 4, 5, 646]
[18, 6, 5, 647]
[18, 4, 5, 646]
[20, 6, 6, 647]
[16, 6, 8, 647]
[13, 5, 8, 646]
[13, 6, 6, 646]
[13, 8, 5, 646]
[14, 8, 6, 647]
[13, 5, 5, 646]
[11, 4, 5, 645]
[14, 5, 7, 646]
[19, 5, 7, 647]
[19, 5, 6, 646]
[20, 4, 5, 646]
[17, 6, 7, 647]
[13, 5, 7, 646]
[14, 5, 7, 646]
[14, 5, 7, 646]
[14, 6, 8, 647]
[13, 5, 7, 646]
[16, 5, 5, 646]
[17, 4, 4, 646]
[18, 7, 7, 647]
[16, 6, 7, 647]
[11, 6, 8, 646]
[13, 7, 8, 647]
[8, 3, 6, 644]
[10, 5, 5, 645]
[13, 10, 5, 647]
[15, 13, 3, 647]
[16, 14, 3, 646]
[15, 14, 4, 646]
[20, 18, 5, 648]
[16, 13, 4, 647]
[14, 12, 3, 646]
[14, 11, 3, 646]
[13, 12, 4, 646]
[14, 11, 3, 646]
[13, 11, 3, 646]
[15, 12, 2, 646]
[13, 7, 5, 646]