[75, 42, 74, 654]
[71, 40, 73, 652]
[73, 42, 74, 653]
[74, 41, 73, 653]
[74, 43, 74, 654]
[72, 41, 73, 653]
[71, 40, 72, 652]
[76, 42, 76, 653]
[71, 39, 73, 652]
[71, 39, 72, 652]
[71, 40, 72, 652]
[73, 41, 75, 653]
[72, 40, 74, 652]
[75, 41, 75, 653]
[75, 43, 75, 653]
[75, 44, 75, 653]
[72, 40, 73, 652]
[73, 40, 75, 652]
[72, 41, 74, 653]
[75, 41, 74, 653]
[77, 44, 76, 654]
[75, 42, 75, 653]
[73, 41, 74, 652]
[72, 40, 74, 652]
[74, 42, 75, 653]
[74, 42, 75, 653]
[74, 42, 75, 653]
[72, 40, 72, 652]
[72, 40, 68, 652]
[72, 40, 74, 652]
[75, 42, 74, 653]
[71, 38, 73, 652]
[65, 36, 72, 653]
[57, 31, 68, 652]
[49, 28, 61, 650]
[73, 39, 73, 653]
[72, 41, 75, 652]
[71, 40, 73, 652]
[74, 43, 73, 654]
[72, 40, 73, 652]
[73, 42, 74, 653]
[74, 42, 75, 654]
[72, 41, 73, 653]
[59, 48, 75, 654]
[60, 48, 76, 655]
[60, 48, 76, 655]
[61, 48, 76, 655]
[61, 48, 75, 654]
[62, 50, 76, 656]
[59, 48, 71, 655]
[58, 48, 71, 655]
[59, 49, 74, 655]
[58, 47, 72, 654]
[59, 46, 73, 655]
[59, 46, 72, 655]
[62, 48, 76, 655]
[58, 47, 76, 655]
[62, 51, 77, 656]
[64, 50, 77, 656]
[59, 48, 75, 654]
[60, 49, 77, 655]
[61, 48, 74, 655]
[61, 49, 76, 655]
[61, 48, 77, 655]
[63, 51, 77, 656]
[62, 49, 76, 655]
[54, 42, 74, 654]
[51, 41, 72, 654]
[52, 43, 72, 653]
[53, 41, 75, 654]
[52, 43, 74, 654]
[52, 43, 74, 654]
[55, 43, 74, 655]
[52, 40, 72, 653]
[52, 42, 74, 654]
[53, 42, 74, 654]
[55, 44, 74, 655]
[54, 43, 74, 655]