[4, 6, 10, 646]
[5, 7, 12, 647]
[4, 5, 10, 646]
[4, 8, 11, 647]
[2, 4, 11, 645]
[4, 5, 11, 646]
[4, 6, 10, 646]
[2, 4, 10, 645]
[5, 8, 13, 647]
[5, 8, 13, 647]
[4, 7, 13, 647]
[3, 6, 12, 646]
[4, 7, 12, 646]
[3, 5, 12, 646]
[2, 5, 12, 645]
[2, 6, 13, 645]
[2, 6, 13, 645]
[6, 8, 12, 647]
[3, 7, 12, 646]
[5, 6, 12, 647]
[1, 4, 10, 645]
[3, 6, 10, 646]
[5, 8, 13, 647]
[4, 6, 10, 646]
[4, 8, 13, 647]
[2, 6, 11, 646]
[3, 6, 12, 646]
[3, 5, 11, 646]
[5, 7, 13, 647]
[2, 6, 12, 646]
[2, 4, 10, 645]
[3, 6, 11, 646]
[5, 8, 12, 647]
[1, 4, 11, 645]
[1, 4, 8, 644]
[3, 6, 10, 646]
[5, 7, 11, 647]
[1, 6, 10, 645]
[2, 5, 10, 645]
[5, 8, 12, 647]
[2, 6, 11, 645]
[4, 5, 11, 646]
[4, 8, 12, 647]
[4, 6, 11, 646]
[3, 5, 11, 646]
[2, 4, 10, 645]
[4, 5, 11, 644]
[4, 6, 12, 644]
[2, 4, 10, 643]
[5, 6, 10, 644]
[5, 7, 11, 644]
[5, 7, 12, 645]
[2, 4, 11, 643]
[4, 4, 9, 643]
[5, 5, 10, 644]
[3, 3, 10, 643]
[4, 6, 11, 644]
[0, 4, 11, 644]
[5, 3, 10, 643]
[3, 3, 10, 643]
[4, 4, 12, 644]
[4, 4, 10, 643]
[4, 4, 8, 643]
[4, 5, 11, 644]
[4, 3, 10, 643]
[4, 5, 11, 644]
[5, 6, 11, 644]
[5, 5, 10, 644]
[2, 3, 9, 642]
[4, 6, 12, 644]
[4, 5, 11, 644]
[4, 3, 10, 643]
[4, 6, 11, 644]
[4, 3, 9, 643]
[3, 4, 10, 643]
[4, 5, 12, 644]
[3, 4, 11, 643]
[4, 4, 10, 643]
[4, 3, 10, 643]
[5, 6, 11, 645]
[0, 6, 9, 643]
[4, 5, 11, 644]
[7, 6, 11, 645]
[4, 4, 9, 643]
[4, 3, 9, 643]
[3, 3, 11, 643]