[292, 172, 23, 670]
[294, 174, 23, 671]
[293, 174, 23, 671]
[292, 174, 24, 671]
[295, 174, 26, 672]
[291, 173, 23, 670]
[293, 176, 24, 671]
[299, 178, 25, 672]
[293, 175, 24, 671]
[292, 175, 25, 672]
[287, 172, 24, 671]
[280, 169, 23, 670]
[292, 176, 23, 671]
[291, 173, 24, 670]
[283, 171, 23, 670]
[292, 173, 24, 671]
[256, 158, 22, 668]
[282, 170, 23, 670]
[291, 173, 23, 670]
[293, 174, 24, 671]
[289, 173, 24, 671]
[289, 173, 25, 671]
[291, 173, 24, 671]
[290, 172, 22, 670]
[229, 136, 23, 666]
[256, 150, 22, 666]
[290, 173, 25, 671]
[258, 160, 23, 668]
[277, 168, 23, 670]
[293, 174, 24, 671]
[289, 173, 24, 671]
[283, 169, 22, 670]
[280, 169, 23, 669]
[283, 170, 23, 670]
[284, 169, 24, 670]
[284, 170, 25, 670]
[283, 170, 24, 670]
[282, 170, 24, 670]
[265, 213, 27, 673]
[266, 213, 26, 673]
[268, 217, 27, 675]
[267, 214, 27, 674]
[267, 214, 26, 674]
[268, 215, 24, 674]
[268, 215, 27, 674]
[270, 215, 28, 675]
[266, 214, 26, 673]
[267, 216, 28, 675]
[267, 215, 26, 673]
[268, 215, 27, 674]
[271, 217, 26, 674]
[272, 218, 26, 675]
[273, 219, 25, 674]
[317, 246, 29, 679]
[341, 252, 29, 680]
[318, 247, 29, 679]
[309, 241, 29, 677]
[274, 220, 27, 676]
[271, 217, 26, 674]
[280, 223, 27, 675]
[273, 219, 27, 675]
[272, 217, 27, 675]
[279, 221, 27, 675]
[275, 219, 26, 675]
[270, 217, 27, 674]
[278, 220, 27, 674]
[279, 221, 27, 675]
[279, 221, 26, 675]
[276, 220, 25, 675]
[271, 216, 25, 674]
[278, 221, 26, 676]
[272, 219, 26, 675]
[263, 214, 24, 673]
[217, 182, 23, 671]
[221, 179, 23, 669]
[234, 194, 23, 670]
[242, 200, 25, 672]
[264, 214, 25, 674]
[268, 216, 26, 674]
[267, 214, 26, 674]
[269, 215, 25, 673]
[274, 218, 26, 674]
[271, 217, 25, 674]
[272, 219, 27, 675]
[273, 218, 26, 675]
[271, 216, 27, 674]
[270, 215, 25, 673]
[273, 219, 27, 675]
[271, 216, 25, 673]